1592852634879 -1.03006 0.092 14.8261 0.121165 0.00702828 0.627104
1592852635211 -1.02978 0.092 14.7995 0.0470292 0.0298439 0.231138
1592852638062 -1.02722 0.092 14.5624 0.0882615 0.010987 1.00287
1592852638194 -1.02721 0.092 14.5509 0.124889 0.0388428 1.06222
1592852638327 -1.02706 0.092 14.5395 0.118167 0.0334491 0.638211
1592852638658 -1.02689 0.092 14.512 0.0896817 0.0371074 0.500246
1592852640647 -1.02456 0.092 14.3435 0.127269 0.0430388 1.69532
1592852640780 -1.02469 0.092 14.3325 0.121774 0.0389528 0.923199
1592852642968 -1.02299 0.092 14.1501 0.0768383 0.0336669 0.446633
1592852644029 -1.02212 0.092 14.0626 0.0582524 0.0120989 0.212222
1592852645686 -1.01976 0.092 13.9231 0.128923 0.0593135 1.63959
1592852645885 -1.01961 0.092 13.9069 0.0740586 0.0347 0.415162
1592852646151 -1.01908 0.092 13.8855 0.0511974 0.0142589 0.199529
1592852651123 -1.02055 0.092 13.4752 0.112469 0.0610037 0.789697
1592852651588 -1.0204 0.092 13.4389 0.0606798 0.0328411 0.368816
1592852652913 -1.01985 0.092 13.3286 0.112196 0.0599794 0.723668
1592852653046 -1.01987 0.092 13.3179 0.127595 0.0636997 0.818593
1592852653112 -1.02 0.092 13.312 0.130045 0.0696157 0.834566
1592852653245 -1.01998 0.092 13.3015 0.110349 0.0586796 0.725366
1592852653576 -1.02014 0.092 13.2747 0.0715161 0.0459762 0.466099
1592852654173 -1.02038 0.092 13.2237 0.134614 0.0824278 0.992435
1592852655102 -1.01899 0.092 13.1459 0.0583164 0.0423932 0.345837
1592852655566 -1.01954 0.092 13.107 0.0518879 0.0404604 0.339634
1592852657555 -1.01795 0.092 12.9384 0.10176 0.0596363 0.654407
1592852657886 -1.01814 0.092 12.9091 0.115315 0.0798424 0.945399
1592852658350 -1.01777 0.092 12.8715 0.107486 0.0657469 0.675373
1592852660008 -1.01583 0.092 12.7313 0.0481222 0.0408188 0.331645
1592852661002 -1.01556 0.092 12.6491 0.11271 0.0701597 0.645796
1592852663323 -1.01288 0.092 12.4523 0.0430909 0.0369352 0.325265
1592852663655 -1.01242 0.092 12.4253 0.0470761 0.06195 0.649587
1592852663787 -1.01207 0.092 12.4134 0.0931806 0.0792091 0.652531
1592852664052 -1.01189 0.092 12.3918 0.045442 0.0593258 0.659027
1592852664981 -1.01033 0.092 12.3132 0.0862829 0.0699495 0.530611
1592852667500 -1.00763 0.092 12.1041 0.0281022 0.0335403 0.318071
1592852667633 -1.0077 0.092 12.0933 0.0267638 0.0333473 0.318512
1592852668229 -1.00745 0.092 12.0444 0.0569091 0.0708968 0.636974
1592852668561 -1.00719 0.092 12.0176 0.0829053 0.0832766 0.579343
1592852668959 -1.00692 0.092 11.9843 0.0886303 0.0795863 0.547146
1592852669489 -1.00597 0.092 11.9409 0.0488782 0.0627081 0.565785
1592852669688 -1.00578 0.092 11.9246 0.0241717 0.0321004 0.318367
1592852669754 -1.00577 0.092 11.9192 0.0436286 0.073201 0.612255
1592852669953 -1.00595 0.092 11.9025 0.0241141 0.0365061 0.312275
1592852670285 -1.00574 0.092 11.8762 0.0951701 0.0702386 0.649268
1592852670351 -1.00528 0.092 11.871 0.0383717 0.0605239 0.524578
1592852670683 -1.00508 0.092 11.8446 0.0699383 0.0877048 0.664656
1592852670882 -1.00481 0.092 11.8284 0.0775007 0.0917648 0.736815
1592852671147 -1.00442 0.092 11.8066 0.0887105 0.0869617 0.541964
1592852671810 -1.00299 0.092 11.7527 0.0907801 0.079358 0.537623
1592852674131 -0.99859 0.092 11.5647 0.249874 0.168755 1.54864
1592852674263 -0.998335 0.092 11.5533 0.0460376 0.082734 0.605562
1592852674992 -0.997852 0.092 11.4941 0.077766 0.0990859 0.718272
1592852678109 -1.00455 0.092 11.2463 0.233636 0.246835 2.31883
1592852678440 -1.0049 0.092 11.2189 0.0319156 0.197444 1.46034
1592852679103 -1.00518 0.092 11.1651 0.13432 0.113503 0.786247
1592852679170 -1.00504 0.092 11.1599 0.16573 0.1529 1.00186
1592852683081 -1.00821 0.092 10.8408 0.055003 0.0870765 0.488532
1592852686264 -1.00982 0.092 10.5797 0.0313376 0.231534 1.44124
1592852686662 -1.01054 0.092 10.5461 0.110769 0.197302 0.935496
1592852687258 -1.0105 0.092 10.4975 0.0154858 0.0949054 0.53525
1592852687325 -1.01043 0.092 10.4921 0.147075 0.1312 0.751545
1592852689181 -1.01134 0.092 10.3382 0.00703879 0.0841723 0.45828
1592852690308 -1.0121 0.092 10.2471 0.0254342 0.230678 1.18946
1592852690971 -1.01169 0.092 10.1938 0.00101788 0.093332 0.526661
1592852691369 -1.01239 0.092 10.1624 0.117308 0.128513 0.654785
1592852692297 -1.0126 0.092 10.0896 0.00406574 0.0957508 0.51303
1592852694883 -1.01233 0.092 9.88218 0.131791 0.13805 0.68127
1592852695016 -1.01261 0.092 9.87154 0.125287 0.139896 0.681083
1592852696607 -1.01209 0.092 9.74391 0.194837 0.203324 1.00017
1592852696740 -1.01239 0.092 9.73428 0.116611 0.142668 0.674832
1592852697137 -1.01272 0.092 9.70272 0.121319 0.185773 0.866128
1592852697336 -1.01243 0.092 9.68684 0.00240667 0.190803 0.792435
1592852698596 -1.0121 0.092 9.58593 0.2447 0.368858 1.88163
1592852698729 -1.01222 0.092 9.57488 0.0804526 0.272265 1.41739
1592852698928 -1.01203 0.092 9.55905 0.102021 0.12578 0.571141
1592852700453 -1.01213 0.092 9.4357 0.112674 0.13735 0.654761
1592852701381 -1.01221 0.092 9.359 0.0798737 0.212064 0.857367
1592852701779 -1.01151 0.092 9.32602 0.114014 0.143092 0.64621
1592852706022 -1.00993 0.092 8.97982 0.114138 0.142769 0.649746
1592852707481 -1.00958 0.092 8.85907 0.149046 0.307847 1.23092
1592852708144 -1.00984 0.092 8.80421 0.0741325 0.221229 0.849494
1592852708608 -1.00983 0.092 8.76678 0.041696 0.273357 1.05173
1592852708741 -1.00976 0.092 8.75596 0.0403251 0.273904 1.06452
1592852709337 -1.00966 0.092 8.70736 0.135876 0.251323 0.965323
1592852709735 -1.00972 0.092 8.67462 0.0365524 0.168088 0.626974
1592852710398 -1.00842 0.092 8.62067 0.043251 0.19915 0.718384
1592852711658 -1.00877 0.092 8.51746 0.0456456 0.195148 0.721568
1592852712918 -1.00685 0.092 8.41526 0.0483924 0.195397 0.720512
1592852713514 -1.00724 0.092 8.36625 0.0524104 0.193991 0.720809
1592852713713 -1.00668 0.092 8.3502 0.137914 0.353891 1.3052
1592852714045 -1.00575 0.092 8.32349 0.0569184 0.281904 1.01878
1592852714111 -1.00599 0.092 8.31816 0.0524555 0.198477 0.713408
1592852714443 -1.00574 0.092 8.29086 0.0530248 0.195501 0.716906
1592852714708 -1.00556 0.092 8.2699 0.0527745 0.196353 0.714371
1592852714774 -1.00534 0.092 8.26449 0.099076 0.204604 0.759736
1592852714907 -1.00513 0.092 8.25388 0.0517964 0.19578 0.719034
1592852715106 -1.00423 0.092 8.23807 0.0679532 0.280354 0.956787
1592852715968 -1.00398 0.092 8.16823 0.176633 0.21756 0.861819
1592852718752 -1.00088 0.092 7.94511 0.265356 0.36983 1.42104
1592852720145 -0.998946 0.092 7.83333 0.162705 0.223718 0.845134
1592852721272 -0.997862 0.092 7.74183 0.140025 0.189678 0.732894
1592852723261 -0.995084 0.092 7.57956 0.155674 0.216014 0.833388
1592852724587 -0.991581 0.092 7.47246 0.0797989 0.292923 0.921801
1592852725714 -0.990987 0.092 7.38052 0.157523 0.299068 1.0742
1592852726046 -0.990782 0.092 7.35322 0.194408 0.368511 1.27446
1592852728035 -0.986582 0.092 7.1919 0.0752014 0.295152 0.932989
1592852728433 -0.985632 0.092 7.1604 0.128809 0.332042 1.08795
1592852728631 -0.985513 0.092 7.14459 0.134463 0.328846 1.09785
1592852728963 -0.984928 0.092 7.11858 0.145547 0.221497 0.826663
1592852729560 -0.983886 0.092 7.06766 0.1538 0.39981 1.30021
1592852730156 -0.983382 0.092 7.01977 0.18605 0.368708 1.22755
1592852730422 -0.982731 0.092 6.99866 0.0791403 0.295662 0.922154
1592852734267 -0.976574 0.092 6.68743 0.0896914 0.297617 0.918725
1592852734864 -0.975848 0.092 6.6392 0.267831 0.562791 1.75996
1592852734930 -0.976113 0.092 6.63414 0.214847 0.658594 2.17399
1592852735262 -0.975798 0.092 6.60771 0.0897992 0.342492 1.03051
1592852736256 -0.973694 0.092 6.52664 0.0864911 0.300182 0.924188
1592852737516 -0.971559 0.092 6.42422 0.183617 0.375529 1.19924
1592852739107 -0.967923 0.092 6.29556 0.198545 0.592261 1.88755
1592852739306 -0.967596 0.092 6.2791 0.194149 0.462866 1.39497
1592852740765 -0.965258 0.092 6.16131 0.18933 0.465584 1.35567
1592852741560 -0.962567 0.092 6.09975 0.216325 0.328434 1.03906
1592852744876 -0.955858 0.092 5.83271 0.109744 0.537633 1.61584
1592852744942 -0.955444 0.092 5.82759 0.207272 0.324954 1.02105
1592852746069 -0.952905 0.092 5.7389 0.332501 0.483107 1.54224
1592852746202 -0.952536 0.092 5.72876 0.306549 0.440103 1.40971
1592852747196 -0.950571 0.092 5.64795 0.113877 0.414569 1.12773
1592852747528 -0.94989 0.092 5.62099 0.202332 0.592798 1.628
1592852747992 -0.948949 0.092 5.58377 0.200568 0.32179 1.00829
1592852748058 -0.94913 0.092 5.57813 0.201275 0.326539 1.00771
1592852749252 -0.945551 0.092 5.48022 0.190525 0.328669 1.00258
1592852749517 -0.945265 0.092 5.45871 0.2097 0.439121 1.26262
1592852750445 -0.942595 0.092 5.38369 0.216532 0.445658 1.26404
1592852752832 -0.936277 0.092 5.18945 0.161426 0.552326 1.40544
1592852754357 -0.932517 0.092 5.06553 0.298565 0.455445 1.28362
1592852754954 -0.931318 0.092 5.01749 0.299696 0.445409 1.2683
1592852757208 -0.925226 0.092 4.83248 0.132806 0.42556 1.08111
1592852757274 -0.925039 0.092 4.82718 0.114668 0.368733 0.932438
1592852759727 -0.917941 0.092 4.62917 0.134617 0.428981 1.07365
1592852761451 -0.912519 0.092 4.488 0.181073 0.584184 1.41138
1592852761518 -0.912651 0.092 4.48264 0.283988 0.726797 1.77848
1592852762313 -0.910343 0.092 4.41947 0.280258 0.461702 1.21384
1592852763573 -0.906154 0.092 4.3208 0.277144 0.460677 1.20129
1592852764170 -0.905248 0.092 4.27543 0.254267 0.661204 1.56763
1592852766756 -0.896558 0.092 4.0686 0.270774 0.464847 1.18401
1592852767087 -0.895965 0.092 4.0421 0.252046 0.66648 1.54083
1592852768281 -0.890854 0.092 3.94584 0.172097 0.579674 1.30516
1592852769872 -0.886061 0.092 3.81722 0.17973 0.5899 1.28959
1592852770933 -0.881362 0.092 3.73016 0.292405 0.627174 1.47759
1592852771264 -0.880222 0.092 3.70341 0.155515 0.512413 1.11077
1592852777696 -0.857013 0.092 3.19139 0.188274 0.60348 1.26475
